25 25
true true

-16777216 -16776961 -16777216 -1 -16777216 -16777216 -16777216 -16777216 -16777216 -1 -1 -16777216 -1 -1 -1 -1 -1 -1 -1 -1 -1 -1 -1 -1 -1 
-16777216 -1 -16777216 -1 -16777216 -1 -1 -1 -1 -1 -1 -1 -1 -1 -1 -1 -16777216 -16777216 -16777216 -16777216 -1 -1 -1 -1 -1 
-16777216 -1 -16777216 -1 -16777216 -1 -16777216 -16777216 -16777216 -1 -1 -16777216 -16777216 -16777216 -1 -1 -16777216 -1 -1 -16777216 -16777216 -16777216 -1 -1 -1 
-16777216 -1 -16777216 -1 -16777216 -1 -16777216 -1 -1 -1 -1 -16777216 -1 -16777216 -1 -1 -16777216 -16777216 -16777216 -1 -1 -16777216 -16777216 -16777216 -1 
-16777216 -1 -16777216 -16777216 -16777216 -1 -16777216 -1 -1 -1 -1 -16777216 -1 -16777216 -16777216 -16777216 -1 -1 -16777216 -1 -1 -16777216 -1 -16777216 -1 
-16777216 -1 -1 -1 -1 -1 -16777216 -1 -1 -1 -1 -16777216 -1 -1 -1 -16777216 -1 -1 -16777216 -1 -16777216 -16777216 -1 -16777216 -1 
-16777216 -1 -16777216 -16777216 -16777216 -16777216 -16777216 -16777216 -16777216 -16777216 -1 -16777216 -16777216 -1 -1 -16777216 -16777216 -16777216 -16777216 -1 -16777216 -1 -16777216 -16777216 -1 
-16777216 -1 -1 -1 -1 -1 -1 -1 -1 -16777216 -1 -16777216 -16777216 -1 -1 -1 -1 -1 -1 -1 -16777216 -1 -1 -1 -1 
-16777216 -1 -16777216 -16777216 -16777216 -16777216 -16777216 -16777216 -1 -16777216 -16777216 -16777216 -1 -1 -1 -1 -16777216 -16777216 -16777216 -1 -16777216 -16777216 -1 -1 -1 
-16777216 -1 -1 -16777216 -1 -1 -1 -16777216 -1 -1 -1 -1 -16777216 -16777216 -1 -1 -16777216 -16777216 -1 -1 -1 -16777216 -1 -1 -1 
-16777216 -1 -1 -16777216 -1 -1 -1 -16777216 -16777216 -16777216 -16777216 -1 -16777216 -16777216 -16777216 -16777216 -1 -16777216 -16777216 -1 -1 -1 -1 -16777216 -1 
-16777216 -16777216 -1 -16777216 -16777216 -16777216 -1 -1 -1 -1 -16777216 -16777216 -16777216 -1 -1 -16777216 -1 -1 -16777216 -1 -16777216 -16777216 -1 -16777216 -1 
-16777216 -1 -1 -1 -1 -16777216 -16777216 -16777216 -1 -1 -1 -1 -16777216 -16777216 -16777216 -16777216 -16777216 -16777216 -16777216 -1 -1 -16777216 -1 -1 -1 
-16777216 -1 -16777216 -16777216 -1 -1 -1 -16777216 -16777216 -1 -1 -1 -16777216 -1 -1 -1 -1 -1 -1 -1 -1 -16777216 -16777216 -16777216 -1 
-16777216 -1 -1 -16777216 -16777216 -1 -1 -1 -16777216 -1 -1 -1 -16777216 -16777216 -16777216 -16777216 -16777216 -1 -1 -1 -16777216 -16777216 -1 -1 -1 
-16777216 -1 -1 -1 -16777216 -1 -1 -16777216 -16777216 -16777216 -16777216 -1 -1 -1 -1 -1 -16777216 -1 -1 -1 -16777216 -1 -1 -16777216 -1 
-16777216 -1 -1 -1 -16777216 -1 -16777216 -16777216 -1 -16777216 -16777216 -16777216 -1 -1 -1 -1 -16777216 -16777216 -1 -1 -16777216 -1 -1 -16777216 -1 
-16777216 -1 -16777216 -1 -1 -16777216 -1 -16777216 -16777216 -16777216 -1 -1 -1 -1 -1 -1 -1 -16777216 -16777216 -16777216 -16777216 -16777216 -16777216 -16777216 -1 
-16777216 -1 -16777216 -1 -1 -16777216 -16777216 -1 -16777216 -1 -1 -16777216 -16777216 -1 -16777216 -1 -1 -1 -16777216 -16777216 -1 -1 -16777216 -16777216 -1 
-16777216 -1 -16777216 -1 -1 -1 -16777216 -16777216 -16777216 -1 -16777216 -16777216 -16777216 -1 -16777216 -1 -1 -1 -16777216 -16777216 -1 -1 -16777216 -1 -1 
-16777216 -1 -16777216 -1 -1 -1 -1 -1 -1 -1 -1 -1 -1 -1 -16777216 -1 -1 -1 -1 -1 -1 -1 -16777216 -16777216 -1 
-16777216 -1 -16777216 -1 -1 -1 -1 -1 -1 -1 -16777216 -16777216 -16777216 -16777216 -16777216 -16777216 -16777216 -16777216 -16777216 -1 -16777216 -16777216 -16777216 -16777216 -1 
-16777216 -1 -16777216 -16777216 -16777216 -16777216 -16777216 -16777216 -16777216 -16777216 -16777216 -1 -1 -16777216 -1 -16777216 -16777216 -16777216 -1 -16777216 -16777216 -1 -1 -1 -1 
-16777216 -1 -1 -1 -1 -1 -1 -1 -1 -16777216 -1 -1 -1 -16777216 -1 -1 -1 -1 -1 -1 -1 -1 -1 -65536 -1 
-16777216 -16777216 -16777216 -16777216 -16777216 -16777216 -16777216 -16777216 -16777216 -16777216 -1 -1 -1 -1 -1 -1 -1 -16777216 -16777216 -16777216 -16777216 -16777216 -16777216 -16777216 -16777216 
