100 100
true true

-65536 -1 -1 -1 -1 -1 -1 -1 -1 -1 -1 -1 -1 -1 -1 -1 -1 -1 -1 -1 -1 -1 -1 -1 -1 -1 -1 -1 -1 -1 -1 -1 -1 -1 -1 -1 -1 -1 -1 -1 -1 -1 -1 -1 -1 -1 -1 -1 -1 -1 -1 -1 -1 -1 -1 -1 -1 -1 -1 -1 -1 -1 -1 -1 -1 -1 -1 -1 -1 -1 -1 -1 -1 -1 -1 -1 -1 -1 -1 -1 -1 -1 -1 -1 -1 -1 -1 -1 -1 -1 -1 -1 -1 -1 -1 -1 -1 -1 -1 -1 
-1 -1 -1 -1 -1 -1 -1 -1 -1 -1 -1 -1 -1 -1 -1 -1 -1 -1 -1 -1 -1 -1 -1 -1 -1 -1 -1 -1 -1 -1 -1 -1 -1 -1 -1 -1 -1 -1 -1 -1 -1 -1 -1 -1 -1 -1 -1 -1 -1 -1 -1 -1 -1 -1 -1 -1 -1 -1 -1 -1 -1 -1 -1 -1 -1 -1 -1 -1 -1 -1 -1 -1 -1 -1 -1 -1 -1 -1 -1 -1 -1 -1 -1 -1 -1 -1 -1 -1 -1 -1 -1 -1 -1 -1 -1 -1 -1 -1 -1 -1 
-1 -1 -1 -1 -1 -1 -1 -1 -1 -1 -1 -1 -1 -1 -1 -1 -1 -1 -1 -1 -1 -1 -1 -1 -1 -1 -1 -1 -1 -1 -1 -1 -1 -1 -1 -1 -1 -1 -1 -1 -1 -1 -1 -1 -1 -1 -1 -1 -1 -1 -1 -1 -1 -1 -1 -1 -1 -1 -1 -1 -1 -1 -1 -1 -1 -1 -1 -1 -1 -1 -1 -1 -1 -1 -1 -1 -1 -1 -1 -1 -1 -1 -1 -1 -1 -1 -1 -1 -1 -1 -1 -1 -1 -1 -1 -1 -1 -1 -1 -1 
-1 -1 -1 -1 -1 -1 -1 -1 -1 -1 -1 -1 -1 -1 -1 -1 -1 -1 -1 -1 -1 -1 -1 -1 -1 -1 -1 -1 -1 -1 -1 -1 -1 -1 -1 -1 -1 -1 -1 -1 -1 -1 -1 -1 -1 -1 -1 -1 -1 -1 -1 -1 -1 -1 -1 -1 -1 -1 -1 -1 -1 -1 -1 -1 -1 -1 -1 -1 -1 -1 -1 -1 -1 -1 -1 -1 -1 -1 -1 -1 -1 -1 -1 -1 -1 -1 -1 -1 -1 -1 -1 -1 -1 -1 -1 -1 -1 -1 -1 -1 
-1 -1 -1 -1 -1 -1 -16777216 -1 -1 -1 -1 -1 -16777216 -1 -1 -1 -1 -1 -16777216 -1 -1 -1 -1 -1 -1 -1 -1 -1 -1 -1 -1 -1 -1 -1 -1 -1 -1 -1 -1 -1 -1 -1 -1 -1 -1 -1 -1 -1 -1 -1 -1 -1 -1 -1 -1 -1 -1 -1 -1 -1 -1 -1 -1 -1 -1 -1 -1 -1 -1 -1 -1 -1 -1 -1 -1 -1 -1 -1 -1 -1 -1 -1 -1 -1 -1 -1 -1 -1 -1 -1 -1 -1 -1 -1 -1 -1 -1 -1 -1 -1 
-1 -1 -1 -16777216 -1 -1 -1 -1 -1 -1 -1 -1 -1 -1 -1 -1 -1 -1 -1 -1 -1 -1 -1 -1 -1 -1 -16777216 -1 -1 -1 -1 -1 -1 -1 -16777216 -1 -1 -1 -1 -1 -1 -1 -1 -1 -1 -1 -1 -1 -1 -1 -1 -1 -1 -1 -1 -1 -1 -1 -1 -1 -1 -1 -1 -1 -1 -1 -1 -1 -1 -1 -1 -1 -1 -1 -1 -1 -1 -1 -1 -1 -1 -1 -1 -1 -1 -1 -1 -1 -1 -1 -1 -1 -1 -1 -1 -1 -1 -1 -1 -1 
-1 -1 -16777216 -1 -1 -1 -1 -1 -1 -1 -1 -1 -1 -1 -1 -1 -1 -1 -1 -1 -1 -1 -1 -1 -1 -1 -1 -1 -1 -1 -1 -1 -1 -1 -1 -1 -1 -1 -1 -1 -1 -1 -1 -1 -1 -1 -1 -1 -1 -1 -1 -1 -1 -1 -1 -1 -1 -1 -1 -1 -1 -1 -1 -1 -1 -1 -1 -1 -1 -1 -1 -1 -1 -1 -1 -1 -1 -1 -1 -1 -1 -1 -1 -1 -1 -1 -1 -1 -1 -1 -1 -1 -1 -1 -1 -1 -1 -1 -1 -1 
-1 -1 -1 -16777216 -1 -1 -1 -1 -1 -1 -1 -1 -1 -1 -1 -1 -1 -1 -1 -1 -16777216 -1 -16777216 -1 -16777216 -1 -1 -1 -1 -16777216 -1 -1 -1 -1 -16777216 -1 -1 -1 -1 -1 -16777216 -16777216 -1 -1 -1 -1 -16777216 -1 -1 -1 -1 -1 -1 -1 -1 -1 -1 -1 -1 -1 -1 -1 -1 -1 -1 -1 -1 -1 -1 -1 -1 -1 -1 -1 -1 -1 -1 -1 -1 -1 -1 -1 -1 -1 -1 -1 -1 -1 -1 -1 -1 -1 -1 -1 -1 -1 -1 -1 -1 -1 
-1 -1 -1 -1 -1 -1 -1 -1 -1 -1 -1 -1 -1 -1 -1 -1 -1 -1 -1 -1 -1 -16777216 -1 -1 -16777216 -1 -1 -1 -1 -1 -1 -1 -1 -1 -1 -1 -1 -1 -1 -1 -1 -1 -1 -1 -1 -1 -1 -16777216 -1 -1 -1 -1 -1 -16777216 -1 -1 -1 -1 -1 -16777216 -1 -1 -1 -1 -1 -1 -16777216 -1 -1 -1 -1 -16777216 -1 -1 -1 -1 -16777216 -1 -1 -1 -16777216 -16777216 -1 -16777216 -16777216 -16777216 -1 -1 -1 -1 -1 -1 -1 -1 -1 -1 -1 -1 -1 -1 
-1 -1 -1 -1 -1 -16777216 -1 -1 -1 -1 -1 -1 -1 -1 -1 -1 -1 -1 -1 -1 -1 -1 -1 -1 -1 -1 -1 -16777216 -1 -1 -1 -1 -16777216 -1 -1 -1 -1 -1 -1 -1 -1 -1 -1 -1 -1 -1 -1 -1 -1 -1 -1 -1 -1 -1 -1 -1 -1 -1 -1 -1 -1 -1 -1 -1 -1 -1 -1 -1 -1 -1 -1 -1 -1 -16777216 -1 -1 -1 -16777216 -1 -1 -1 -1 -1 -1 -1 -1 -1 -1 -1 -1 -1 -1 -1 -1 -1 -1 -1 -1 -1 -1 
-1 -1 -1 -1 -1 -1 -1 -1 -1 -1 -1 -1 -1 -1 -1 -1 -1 -1 -1 -1 -1 -1 -1 -1 -1 -1 -1 -1 -1 -1 -1 -1 -1 -1 -1 -1 -1 -16777216 -1 -1 -1 -1 -1 -16777216 -1 -1 -1 -1 -1 -1 -1 -1 -1 -1 -1 -1 -1 -1 -1 -1 -1 -1 -16777216 -1 -1 -1 -1 -1 -16777216 -1 -1 -1 -1 -1 -1 -1 -1 -1 -1 -1 -1 -1 -1 -1 -1 -1 -1 -1 -1 -1 -1 -1 -1 -1 -1 -1 -1 -1 -1 -1 
-1 -1 -1 -1 -1 -1 -1 -1 -1 -1 -16777216 -1 -1 -1 -16777216 -1 -1 -1 -1 -16777216 -1 -1 -1 -1 -1 -1 -16777216 -1 -16777216 -1 -1 -1 -1 -1 -1 -16777216 -16777216 -1 -1 -1 -1 -1 -1 -1 -16777216 -1 -1 -1 -1 -1 -16777216 -1 -16777216 -16777216 -1 -16777216 -1 -16777216 -1 -1 -1 -1 -1 -1 -1 -1 -1 -1 -1 -1 -1 -1 -1 -1 -1 -1 -1 -1 -1 -1 -1 -1 -1 -1 -1 -1 -1 -1 -1 -1 -1 -1 -1 -1 -1 -1 -1 -1 -1 -1 
-1 -1 -1 -1 -1 -1 -1 -16777216 -16777216 -1 -1 -1 -1 -1 -1 -1 -1 -1 -16777216 -1 -1 -1 -1 -16777216 -1 -16777216 -1 -16777216 -1 -1 -16777216 -1 -16777216 -1 -16777216 -1 -16777216 -1 -1 -1 -1 -1 -1 -1 -16777216 -1 -1 -1 -16777216 -1 -16777216 -1 -16777216 -1 -16777216 -1 -16777216 -16777216 -1 -16777216 -16777216 -16777216 -16777216 -1 -16777216 -1 -1 -1 -1 -16777216 -1 -16777216 -1 -1 -1 -1 -1 -1 -1 -1 -1 -1 -1 -1 -1 -1 -1 -1 -1 -1 -1 -1 -1 -1 -1 -1 -1 -1 -1 -16777216 
-1 -1 -1 -1 -1 -1 -1 -1 -1 -16777216 -1 -16777216 -1 -1 -1 -1 -1 -16777216 -1 -1 -16777216 -16777216 -1 -1 -1 -1 -1 -1 -1 -1 -1 -1 -1 -1 -1 -1 -1 -1 -16777216 -1 -16777216 -16777216 -16777216 -16777216 -1 -16777216 -1 -16777216 -1 -1 -1 -1 -16777216 -16777216 -1 -16777216 -1 -16777216 -16777216 -1 -1 -1 -1 -1 -1 -1 -1 -1 -1 -1 -1 -1 -1 -1 -1 -1 -16777216 -1 -1 -16777216 -1 -1 -1 -1 -1 -1 -1 -1 -1 -1 -1 -1 -1 -1 -1 -1 -1 -1 -1 -1 
-1 -1 -1 -1 -1 -1 -1 -1 -16777216 -1 -1 -1 -1 -1 -1 -1 -1 -1 -1 -16777216 -1 -1 -1 -1 -1 -16777216 -1 -1 -1 -1 -1 -1 -1 -16777216 -1 -16777216 -1 -1 -1 -16777216 -1 -16777216 -16777216 -1 -16777216 -16777216 -16777216 -16777216 -16777216 -1 -16777216 -1 -1 -1 -1 -1 -1 -1 -1 -1 -1 -1 -16777216 -1 -1 -1 -1 -1 -1 -1 -1 -1 -1 -1 -1 -1 -1 -1 -1 -1 -16777216 -1 -1 -1 -1 -1 -16777216 -1 -1 -1 -1 -1 -16777216 -1 -1 -1 -1 -16777216 -1 -1 
-1 -1 -1 -1 -1 -1 -1 -1 -1 -1 -1 -1 -1 -16777216 -1 -1 -1 -1 -1 -16777216 -1 -1 -1 -1 -1 -1 -1 -1 -1 -1 -16777216 -1 -16777216 -1 -1 -16777216 -16777216 -1 -16777216 -1 -1 -16777216 -1 -1 -1 -1 -16777216 -1 -1 -1 -1 -16777216 -1 -1 -1 -1 -1 -1 -1 -1 -1 -1 -1 -1 -1 -1 -1 -1 -1 -16777216 -1 -1 -1 -1 -1 -1 -1 -1 -1 -1 -1 -1 -1 -16777216 -1 -1 -1 -1 -1 -1 -1 -1 -1 -1 -1 -1 -1 -1 -1 -1 
-1 -1 -1 -1 -1 -1 -1 -16777216 -1 -1 -1 -1 -1 -1 -1 -1 -1 -1 -1 -16777216 -1 -1 -1 -1 -1 -16777216 -1 -1 -1 -1 -1 -16777216 -16777216 -1 -16777216 -16777216 -1 -1 -1 -1 -1 -1 -1 -1 -1 -1 -16777216 -1 -1 -1 -1 -1 -1 -1 -1 -16777216 -1 -16777216 -1 -1 -1 -1 -1 -1 -1 -1 -1 -1 -1 -1 -1 -1 -1 -1 -1 -1 -1 -16777216 -16777216 -1 -1 -1 -1 -1 -16777216 -1 -1 -1 -1 -1 -1 -1 -1 -1 -1 -1 -1 -1 -1 -1 
-1 -1 -1 -1 -1 -1 -1 -1 -1 -16777216 -1 -1 -1 -1 -1 -1 -1 -1 -1 -16777216 -1 -1 -1 -1 -1 -1 -16777216 -1 -1 -16777216 -1 -16777216 -1 -1 -1 -1 -1 -1 -1 -1 -1 -1 -1 -1 -16777216 -16777216 -16777216 -1 -1 -1 -1 -1 -1 -1 -1 -1 -1 -1 -16777216 -1 -1 -1 -1 -1 -1 -1 -1 -1 -1 -1 -1 -1 -1 -1 -1 -1 -1 -1 -1 -1 -1 -1 -16777216 -1 -1 -1 -1 -1 -1 -1 -1 -1 -1 -1 -1 -1 -1 -1 -1 -1 
-1 -1 -1 -1 -1 -1 -1 -1 -1 -1 -1 -1 -1 -1 -1 -1 -1 -1 -1 -16777216 -1 -1 -16777216 -1 -16777216 -1 -1 -1 -1 -16777216 -16777216 -1 -1 -1 -1 -1 -1 -1 -1 -1 -1 -1 -1 -1 -16777216 -16777216 -1 -1 -1 -1 -1 -1 -1 -1 -16777216 -1 -1 -1 -1 -1 -1 -16777216 -1 -1 -1 -1 -1 -1 -1 -1 -1 -1 -1 -1 -1 -1 -1 -16777216 -1 -1 -1 -1 -16777216 -1 -1 -1 -1 -1 -1 -1 -1 -1 -1 -1 -1 -1 -16777216 -1 -1 -1 
-1 -1 -1 -1 -1 -1 -1 -1 -1 -1 -1 -1 -1 -1 -1 -1 -1 -1 -1 -16777216 -16777216 -16777216 -16777216 -1 -1 -1 -16777216 -16777216 -1 -1 -16777216 -1 -1 -1 -1 -1 -1 -1 -1 -1 -1 -1 -16777216 -1 -1 -1 -1 -1 -1 -1 -1 -1 -1 -1 -1 -1 -1 -16777216 -1 -1 -1 -1 -1 -1 -1 -1 -1 -1 -1 -1 -1 -16777216 -1 -1 -1 -1 -1 -1 -1 -1 -1 -1 -1 -1 -1 -16777216 -1 -1 -1 -1 -1 -16777216 -1 -1 -1 -1 -1 -1 -1 -1 
-1 -1 -1 -1 -1 -1 -1 -1 -1 -1 -1 -1 -16777216 -1 -1 -1 -1 -1 -16777216 -1 -16777216 -16777216 -1 -1 -1 -1 -1 -1 -1 -1 -1 -1 -1 -1 -1 -1 -1 -1 -1 -1 -1 -16777216 -1 -1 -1 -1 -1 -1 -1 -1 -1 -1 -1 -1 -1 -1 -1 -1 -1 -1 -1 -1 -1 -16777216 -16777216 -1 -1 -1 -1 -1 -1 -1 -1 -1 -1 -1 -1 -1 -16777216 -1 -1 -1 -1 -1 -1 -16777216 -1 -1 -1 -1 -1 -1 -1 -1 -1 -1 -1 -1 -1 -1 
-1 -1 -1 -1 -1 -1 -1 -1 -1 -1 -1 -1 -1 -1 -1 -1 -1 -1 -16777216 -1 -1 -1 -16777216 -1 -1 -16777216 -16777216 -1 -1 -1 -16777216 -1 -1 -1 -16777216 -1 -1 -1 -16777216 -16777216 -1 -1 -1 -1 -1 -1 -1 -1 -1 -1 -1 -1 -1 -1 -1 -1 -1 -1 -1 -1 -1 -1 -1 -1 -16777216 -1 -16777216 -1 -1 -16777216 -16777216 -16777216 -1 -1 -1 -1 -1 -1 -1 -1 -1 -1 -1 -1 -1 -16777216 -1 -1 -1 -1 -1 -1 -1 -1 -1 -1 -1 -1 -1 -1 
-1 -1 -1 -1 -1 -1 -1 -1 -1 -1 -1 -1 -1 -1 -1 -1 -1 -1 -16777216 -16777216 -1 -1 -1 -1 -1 -1 -1 -1 -1 -1 -1 -1 -1 -1 -1 -1 -16777216 -1 -1 -1 -1 -1 -1 -1 -1 -1 -1 -1 -1 -1 -1 -1 -1 -1 -16777216 -16777216 -1 -1 -1 -1 -1 -16777216 -1 -1 -1 -1 -1 -1 -1 -1 -1 -1 -1 -1 -1 -1 -1 -1 -16777216 -1 -1 -1 -16777216 -1 -1 -1 -1 -1 -1 -1 -1 -1 -1 -1 -1 -1 -1 -1 -1 -1 
-1 -1 -1 -1 -1 -1 -1 -1 -1 -1 -1 -1 -1 -1 -1 -1 -1 -16777216 -1 -1 -1 -1 -1 -16777216 -16777216 -16777216 -1 -1 -1 -1 -1 -16777216 -1 -1 -16777216 -1 -1 -1 -16777216 -1 -1 -1 -1 -1 -1 -1 -16777216 -1 -1 -1 -1 -1 -1 -1 -1 -1 -16777216 -1 -1 -1 -1 -1 -1 -1 -1 -1 -1 -1 -1 -16777216 -1 -1 -1 -1 -1 -1 -1 -1 -1 -1 -1 -1 -1 -16777216 -1 -1 -1 -1 -1 -16777216 -1 -16777216 -16777216 -1 -1 -1 -1 -1 -1 -1 
-1 -1 -1 -1 -1 -1 -1 -1 -1 -1 -1 -1 -1 -1 -1 -1 -1 -1 -1 -1 -1 -1 -16777216 -16777216 -1 -16777216 -1 -1 -1 -1 -1 -16777216 -16777216 -1 -1 -16777216 -16777216 -16777216 -1 -1 -1 -16777216 -1 -1 -1 -1 -16777216 -16777216 -1 -1 -1 -1 -1 -1 -1 -1 -1 -1 -1 -1 -1 -1 -1 -1 -1 -1 -1 -1 -1 -1 -1 -1 -1 -1 -1 -1 -1 -16777216 -1 -1 -1 -1 -1 -1 -1 -1 -16777216 -16777216 -1 -16777216 -1 -16777216 -1 -1 -1 -1 -1 -1 -1 -1 
-1 -1 -1 -1 -1 -1 -1 -1 -1 -1 -1 -1 -1 -1 -1 -1 -1 -16777216 -1 -1 -16777216 -1 -1 -1 -16777216 -1 -1 -16777216 -16777216 -1 -16777216 -1 -1 -16777216 -1 -1 -1 -1 -16777216 -1 -1 -1 -1 -16777216 -1 -1 -1 -1 -1 -1 -1 -1 -1 -16777216 -1 -1 -1 -1 -1 -1 -1 -1 -1 -1 -1 -1 -1 -1 -1 -1 -16777216 -16777216 -1 -1 -1 -1 -1 -1 -1 -1 -16777216 -1 -1 -1 -16777216 -16777216 -1 -1 -1 -1 -1 -1 -1 -1 -1 -1 -1 -1 -1 -1 
-1 -16777216 -1 -1 -1 -1 -1 -1 -16777216 -1 -1 -1 -1 -1 -1 -16777216 -1 -16777216 -16777216 -16777216 -16777216 -1 -1 -1 -1 -1 -1 -1 -16777216 -1 -16777216 -1 -1 -1 -1 -16777216 -1 -1 -1 -1 -1 -1 -1 -16777216 -16777216 -16777216 -16777216 -16777216 -1 -1 -1 -1 -1 -1 -1 -1 -1 -1 -1 -16777216 -1 -1 -1 -1 -1 -1 -1 -1 -1 -1 -1 -1 -1 -1 -1 -1 -1 -16777216 -1 -1 -1 -1 -16777216 -1 -1 -1 -1 -1 -1 -1 -1 -1 -1 -1 -1 -1 -1 -1 -1 -1 
-1 -1 -1 -1 -1 -1 -1 -1 -1 -1 -1 -1 -1 -16777216 -16777216 -1 -16777216 -1 -16777216 -1 -16777216 -1 -16777216 -16777216 -1 -1 -16777216 -1 -1 -1 -1 -1 -1 -16777216 -1 -1 -1 -1 -1 -1 -16777216 -16777216 -1 -1 -16777216 -1 -1 -1 -1 -1 -1 -16777216 -1 -1 -16777216 -1 -1 -1 -1 -1 -1 -1 -16777216 -1 -16777216 -1 -16777216 -16777216 -16777216 -16777216 -16777216 -16777216 -16777216 -1 -1 -1 -1 -16777216 -1 -1 -1 -1 -1 -1 -1 -1 -1 -1 -1 -1 -1 -1 -1 -1 -1 -1 -1 -1 -1 -1 
-16777216 -1 -1 -1 -1 -1 -1 -1 -1 -1 -1 -1 -16777216 -1 -1 -16777216 -1 -1 -16777216 -16777216 -1 -1 -1 -1 -1 -16777216 -16777216 -1 -1 -1 -1 -1 -16777216 -1 -1 -16777216 -1 -16777216 -16777216 -1 -1 -1 -1 -1 -1 -1 -1 -1 -1 -1 -1 -16777216 -1 -16777216 -16777216 -16777216 -16777216 -16777216 -1 -16777216 -1 -16777216 -16777216 -16777216 -1 -1 -16777216 -1 -1 -1 -16777216 -16777216 -1 -1 -1 -1 -1 -1 -1 -1 -1 -1 -1 -1 -1 -1 -1 -1 -1 -1 -1 -1 -1 -1 -1 -1 -1 -1 -1 -1 
-1 -1 -1 -16777216 -1 -1 -1 -1 -1 -16777216 -1 -16777216 -16777216 -1 -16777216 -16777216 -1 -1 -1 -16777216 -1 -16777216 -1 -16777216 -16777216 -1 -1 -16777216 -1 -1 -1 -1 -1 -1 -16777216 -16777216 -1 -16777216 -1 -1 -1 -16777216 -1 -1 -16777216 -1 -1 -16777216 -1 -1 -16777216 -16777216 -16777216 -16777216 -1 -1 -16777216 -1 -1 -1 -1 -1 -1 -1 -1 -1 -1 -1 -1 -1 -1 -1 -16777216 -1 -1 -1 -1 -1 -1 -1 -16777216 -16777216 -1 -1 -1 -1 -1 -1 -1 -1 -1 -1 -1 -1 -1 -1 -1 -1 -1 -1 
-1 -1 -1 -1 -1 -1 -1 -1 -1 -1 -1 -1 -1 -1 -1 -1 -16777216 -16777216 -1 -1 -1 -16777216 -16777216 -1 -1 -16777216 -1 -1 -16777216 -1 -1 -1 -1 -1 -1 -16777216 -16777216 -16777216 -16777216 -1 -16777216 -1 -1 -1 -16777216 -1 -1 -1 -1 -1 -16777216 -16777216 -16777216 -1 -1 -1 -1 -1 -1 -1 -1 -1 -1 -16777216 -1 -1 -1 -1 -1 -1 -1 -1 -16777216 -16777216 -1 -1 -1 -1 -1 -1 -1 -1 -1 -1 -1 -1 -1 -1 -1 -1 -1 -1 -1 -1 -1 -1 -1 -1 -1 -1 
-1 -1 -1 -1 -1 -1 -1 -1 -1 -1 -1 -16777216 -1 -1 -1 -1 -1 -16777216 -1 -16777216 -1 -1 -16777216 -1 -16777216 -1 -1 -16777216 -1 -16777216 -16777216 -1 -1 -16777216 -1 -1 -1 -1 -16777216 -16777216 -1 -1 -1 -1 -1 -1 -16777216 -16777216 -16777216 -1 -1 -1 -16777216 -16777216 -16777216 -16777216 -16777216 -16777216 -16777216 -1 -1 -1 -1 -16777216 -1 -1 -1 -1 -1 -16777216 -1 -1 -1 -16777216 -16777216 -1 -1 -1 -16777216 -1 -1 -16777216 -16777216 -16777216 -16777216 -16777216 -16777216 -16777216 -16777216 -16777216 -1 -1 -1 -1 -1 -1 -1 -1 -1 -1 
-1 -1 -1 -1 -1 -1 -1 -1 -1 -1 -1 -16777216 -1 -1 -1 -1 -16777216 -16777216 -1 -1 -16777216 -1 -1 -1 -1 -16777216 -1 -1 -16777216 -16777216 -1 -1 -1 -1 -1 -1 -1 -1 -1 -16777216 -16777216 -1 -16777216 -1 -1 -1 -1 -1 -16777216 -1 -1 -1 -1 -1 -1 -1 -1 -1 -1 -16777216 -16777216 -16777216 -16777216 -1 -1 -1 -16777216 -1 -1 -1 -1 -1 -1 -16777216 -1 -16777216 -1 -1 -1 -1 -1 -1 -1 -1 -1 -1 -1 -16777216 -16777216 -16777216 -16777216 -1 -1 -1 -1 -1 -1 -1 -1 -1 
-1 -1 -1 -1 -1 -1 -1 -1 -1 -1 -1 -16777216 -1 -16777216 -16777216 -1 -16777216 -16777216 -1 -1 -1 -1 -1 -1 -1 -1 -1 -1 -1 -1 -16777216 -16777216 -16777216 -1 -16777216 -1 -1 -1 -16777216 -1 -1 -16777216 -1 -1 -16777216 -1 -1 -1 -1 -1 -1 -16777216 -16777216 -16777216 -1 -16777216 -16777216 -16777216 -16777216 -1 -1 -1 -1 -1 -1 -1 -1 -1 -1 -1 -1 -1 -1 -1 -1 -1 -1 -1 -16777216 -1 -16777216 -16777216 -1 -16777216 -1 -16777216 -1 -1 -16777216 -1 -1 -16777216 -1 -1 -1 -1 -1 -1 -1 -1 
-1 -1 -1 -1 -1 -1 -1 -1 -1 -1 -1 -16777216 -16777216 -1 -1 -1 -1 -1 -16777216 -1 -1 -1 -16777216 -1 -1 -1 -1 -1 -1 -1 -16777216 -1 -1 -1 -1 -16777216 -1 -16777216 -1 -1 -1 -1 -16777216 -1 -1 -1 -1 -1 -16777216 -16777216 -16777216 -1 -16777216 -16777216 -16777216 -16777216 -16777216 -16777216 -16777216 -16777216 -16777216 -16777216 -16777216 -1 -1 -1 -1 -1 -1 -1 -16777216 -1 -1 -16777216 -1 -1 -16777216 -1 -1 -16777216 -1 -1 -16777216 -1 -1 -1 -16777216 -16777216 -1 -16777216 -16777216 -1 -1 -1 -1 -1 -1 -1 -1 -1 
-1 -1 -1 -1 -1 -1 -1 -1 -1 -1 -16777216 -16777216 -1 -16777216 -1 -1 -1 -1 -16777216 -16777216 -1 -1 -1 -1 -1 -1 -1 -1 -1 -16777216 -16777216 -1 -1 -1 -16777216 -1 -1 -1 -1 -1 -16777216 -1 -1 -16777216 -1 -1 -1 -1 -16777216 -16777216 -16777216 -16777216 -16777216 -16777216 -16777216 -16777216 -1 -16777216 -16777216 -16777216 -16777216 -1 -1 -16777216 -1 -16777216 -1 -1 -1 -1 -16777216 -1 -1 -1 -16777216 -1 -1 -1 -1 -16777216 -1 -1 -1 -16777216 -16777216 -1 -1 -16777216 -16777216 -16777216 -16777216 -1 -16777216 -1 -1 -1 -1 -1 -1 -1 
-1 -1 -1 -1 -1 -1 -1 -1 -1 -1 -16777216 -16777216 -16777216 -1 -16777216 -16777216 -1 -16777216 -1 -1 -16777216 -1 -1 -1 -1 -1 -1 -1 -1 -1 -16777216 -1 -1 -1 -1 -1 -16777216 -1 -1 -1 -1 -1 -16777216 -16777216 -16777216 -1 -16777216 -1 -16777216 -16777216 -16777216 -1 -1 -1 -1 -1 -16777216 -1 -1 -1 -1 -1 -1 -1 -1 -1 -1 -1 -1 -1 -16777216 -16777216 -1 -16777216 -1 -1 -1 -1 -16777216 -1 -1 -1 -16777216 -16777216 -16777216 -1 -1 -1 -16777216 -1 -16777216 -1 -1 -1 -1 -1 -1 -1 -1 -1 
-1 -1 -1 -1 -1 -1 -1 -1 -1 -1 -1 -1 -16777216 -1 -1 -1 -16777216 -1 -16777216 -1 -1 -16777216 -16777216 -1 -16777216 -1 -1 -16777216 -1 -16777216 -1 -1 -16777216 -16777216 -1 -1 -1 -1 -1 -1 -1 -1 -1 -1 -16777216 -1 -1 -16777216 -16777216 -16777216 -1 -1 -16777216 -16777216 -16777216 -1 -16777216 -1 -16777216 -1 -1 -1 -1 -1 -1 -16777216 -16777216 -1 -1 -1 -1 -1 -16777216 -1 -1 -16777216 -1 -16777216 -1 -1 -1 -1 -1 -1 -1 -1 -1 -1 -1 -1 -1 -1 -1 -1 -1 -1 -1 -1 -1 -1 
-1 -1 -1 -1 -1 -1 -1 -1 -1 -1 -1 -1 -16777216 -1 -1 -1 -1 -1 -16777216 -1 -1 -16777216 -1 -1 -16777216 -1 -1 -16777216 -16777216 -1 -16777216 -1 -1 -16777216 -16777216 -1 -16777216 -1 -1 -16777216 -1 -16777216 -1 -1 -16777216 -16777216 -1 -16777216 -16777216 -16777216 -1 -1 -1 -1 -16777216 -1 -16777216 -1 -1 -1 -16777216 -16777216 -16777216 -16777216 -16777216 -1 -1 -1 -1 -16777216 -1 -1 -1 -16777216 -1 -1 -1 -16777216 -1 -1 -1 -1 -1 -1 -1 -1 -1 -1 -16777216 -1 -1 -16777216 -1 -1 -16777216 -1 -1 -1 -1 -1 
-1 -1 -1 -1 -1 -1 -1 -1 -1 -1 -1 -1 -1 -1 -1 -1 -1 -1 -1 -1 -1 -1 -1 -1 -1 -16777216 -1 -16777216 -1 -16777216 -16777216 -1 -1 -16777216 -16777216 -16777216 -1 -1 -1 -1 -1 -1 -1 -16777216 -16777216 -1 -16777216 -1 -1 -16777216 -1 -1 -16777216 -1 -16777216 -1 -16777216 -1 -16777216 -16777216 -16777216 -16777216 -1 -16777216 -1 -1 -1 -1 -1 -1 -1 -16777216 -1 -1 -1 -1 -1 -1 -1 -1 -1 -1 -1 -1 -16777216 -1 -1 -1 -1 -1 -1 -1 -1 -16777216 -1 -1 -1 -1 -1 -1 
-1 -1 -1 -1 -1 -1 -1 -1 -1 -1 -1 -1 -1 -16777216 -1 -1 -1 -1 -1 -1 -1 -1 -1 -1 -1 -1 -16777216 -1 -16777216 -1 -1 -16777216 -1 -1 -1 -1 -1 -16777216 -16777216 -16777216 -16777216 -16777216 -1 -1 -16777216 -16777216 -1 -1 -1 -16777216 -1 -16777216 -16777216 -1 -16777216 -1 -1 -1 -1 -16777216 -1 -16777216 -1 -1 -1 -16777216 -1 -1 -1 -1 -1 -1 -16777216 -1 -16777216 -1 -1 -1 -16777216 -16777216 -1 -1 -1 -1 -1 -1 -1 -1 -16777216 -1 -1 -16777216 -1 -1 -1 -1 -1 -1 -1 -1 
-1 -1 -1 -1 -1 -1 -1 -1 -1 -1 -1 -1 -1 -1 -16777216 -1 -1 -1 -1 -1 -1 -1 -1 -1 -16777216 -1 -1 -1 -16777216 -1 -1 -1 -1 -1 -1 -1 -16777216 -1 -16777216 -16777216 -16777216 -16777216 -1 -16777216 -1 -16777216 -1 -16777216 -16777216 -16777216 -1 -1 -16777216 -1 -1 -1 -1 -1 -1 -1 -1 -1 -1 -1 -1 -1 -1 -1 -1 -1 -16777216 -1 -1 -1 -16777216 -1 -1 -1 -1 -1 -1 -1 -1 -1 -16777216 -1 -1 -1 -1 -1 -16777216 -16777216 -1 -1 -1 -1 -1 -1 -1 -1 
-1 -1 -1 -1 -1 -1 -1 -1 -1 -1 -1 -1 -1 -1 -16777216 -1 -1 -16777216 -1 -1 -1 -1 -1 -1 -1 -1 -1 -16777216 -1 -1 -1 -1 -16777216 -1 -1 -1 -16777216 -1 -1 -1 -16777216 -16777216 -16777216 -16777216 -1 -1 -1 -1 -1 -1 -1 -1 -16777216 -16777216 -1 -1 -1 -16777216 -1 -1 -1 -1 -1 -1 -16777216 -1 -1 -1 -1 -1 -1 -1 -16777216 -1 -16777216 -1 -1 -1 -1 -1 -1 -1 -1 -1 -1 -1 -1 -1 -1 -16777216 -1 -1 -1 -1 -16777216 -1 -1 -1 -1 -1 
-1 -1 -1 -1 -1 -1 -1 -1 -1 -1 -1 -1 -16777216 -1 -1 -1 -1 -1 -1 -1 -1 -1 -16777216 -1 -1 -1 -16777216 -1 -1 -1 -1 -1 -1 -1 -1 -1 -1 -16777216 -16777216 -1 -1 -16777216 -16777216 -1 -1 -1 -1 -1 -16777216 -1 -16777216 -1 -1 -1 -16777216 -16777216 -1 -16777216 -1 -1 -1 -1 -1 -1 -1 -1 -1 -1 -1 -1 -1 -1 -1 -1 -1 -1 -1 -1 -16777216 -1 -1 -1 -1 -1 -1 -1 -1 -1 -16777216 -1 -1 -1 -16777216 -1 -1 -1 -1 -1 -1 -1 
-1 -1 -1 -1 -1 -1 -1 -16777216 -1 -1 -1 -1 -1 -1 -1 -16777216 -1 -1 -1 -1 -1 -1 -1 -1 -1 -16777216 -1 -1 -1 -1 -1 -1 -16777216 -16777216 -16777216 -16777216 -16777216 -1 -16777216 -16777216 -16777216 -1 -16777216 -16777216 -1 -16777216 -1 -1 -1 -1 -1 -1 -1 -1 -16777216 -1 -1 -1 -1 -1 -16777216 -16777216 -16777216 -1 -1 -1 -1 -1 -1 -1 -16777216 -1 -1 -1 -1 -1 -1 -1 -1 -1 -1 -1 -1 -1 -1 -1 -1 -1 -1 -1 -1 -1 -1 -1 -1 -1 -16777216 -1 -1 -1 
-1 -1 -1 -1 -1 -1 -1 -1 -1 -1 -1 -1 -1 -1 -1 -1 -16777216 -1 -1 -1 -1 -16777216 -1 -1 -16777216 -1 -1 -1 -1 -16777216 -1 -1 -1 -1 -16777216 -16777216 -1 -16777216 -16777216 -1 -1 -1 -16777216 -1 -16777216 -16777216 -1 -16777216 -16777216 -1 -1 -1 -1 -1 -16777216 -1 -1 -1 -1 -1 -1 -1 -1 -1 -1 -1 -1 -16777216 -1 -1 -1 -16777216 -1 -1 -1 -16777216 -1 -1 -1 -1 -1 -1 -1 -1 -1 -1 -16777216 -1 -1 -1 -1 -1 -1 -16777216 -1 -1 -1 -1 -16777216 -1 
-1 -1 -1 -1 -16777216 -1 -1 -1 -1 -1 -1 -1 -1 -1 -1 -1 -16777216 -1 -1 -1 -1 -1 -1 -1 -16777216 -16777216 -1 -1 -1 -1 -16777216 -1 -1 -1 -16777216 -16777216 -16777216 -1 -1 -1 -1 -16777216 -1 -1 -1 -1 -1 -16777216 -1 -16777216 -16777216 -16777216 -1 -1 -1 -1 -1 -1 -1 -16777216 -1 -1 -1 -1 -1 -1 -1 -16777216 -1 -1 -1 -1 -1 -16777216 -1 -1 -1 -1 -1 -16777216 -1 -1 -1 -1 -16777216 -16777216 -1 -1 -1 -1 -16777216 -1 -1 -1 -16777216 -1 -1 -16777216 -1 -1 
-1 -1 -1 -16777216 -1 -1 -1 -1 -1 -1 -1 -1 -1 -1 -1 -1 -1 -1 -1 -1 -16777216 -1 -16777216 -16777216 -16777216 -1 -1 -16777216 -1 -1 -1 -16777216 -1 -16777216 -16777216 -16777216 -1 -1 -1 -1 -1 -1 -1 -1 -16777216 -1 -1 -1 -1 -1 -1 -16777216 -1 -16777216 -1 -16777216 -16777216 -1 -16777216 -1 -1 -1 -1 -1 -1 -1 -1 -1 -1 -1 -16777216 -1 -1 -1 -1 -1 -1 -1 -1 -1 -1 -1 -16777216 -1 -1 -1 -1 -1 -1 -1 -1 -1 -1 -1 -1 -1 -1 -1 -1 -1 
-1 -1 -16777216 -1 -1 -1 -1 -1 -1 -1 -1 -1 -1 -1 -1 -1 -1 -16777216 -1 -16777216 -1 -16777216 -1 -1 -1 -1 -1 -16777216 -1 -16777216 -16777216 -1 -1 -1 -1 -16777216 -1 -1 -1 -1 -1 -1 -1 -1 -1 -1 -1 -16777216 -1 -1 -1 -1 -16777216 -1 -1 -1 -1 -16777216 -16777216 -1 -1 -1 -1 -1 -1 -1 -1 -1 -1 -1 -1 -1 -1 -1 -16777216 -1 -1 -1 -16777216 -1 -1 -1 -1 -1 -1 -1 -1 -1 -1 -1 -1 -16777216 -1 -1 -1 -1 -1 -1 -1 -1 
-1 -1 -1 -1 -1 -1 -1 -1 -1 -1 -1 -1 -1 -1 -1 -1 -1 -1 -16777216 -1 -16777216 -16777216 -16777216 -16777216 -16777216 -16777216 -16777216 -16777216 -1 -1 -1 -1 -1 -1 -1 -1 -16777216 -1 -1 -1 -1 -1 -1 -1 -1 -1 -1 -16777216 -1 -1 -1 -1 -16777216 -1 -1 -1 -1 -1 -1 -1 -16777216 -16777216 -16777216 -1 -1 -1 -1 -1 -1 -16777216 -1 -1 -1 -16777216 -1 -1 -16777216 -16777216 -1 -1 -16777216 -1 -1 -16777216 -1 -1 -1 -1 -1 -1 -1 -1 -1 -1 -1 -1 -1 -1 -1 -1 
-1 -1 -1 -16777216 -1 -1 -1 -1 -1 -1 -1 -1 -1 -1 -1 -1 -1 -1 -16777216 -16777216 -1 -1 -16777216 -1 -1 -1 -1 -1 -1 -1 -1 -1 -1 -1 -1 -1 -16777216 -1 -16777216 -1 -1 -1 -1 -1 -1 -1 -1 -1 -1 -1 -16777216 -1 -16777216 -1 -1 -1 -1 -1 -16777216 -1 -1 -1 -1 -1 -16777216 -16777216 -1 -1 -16777216 -1 -1 -1 -1 -1 -1 -1 -16777216 -1 -16777216 -1 -1 -1 -1 -1 -1 -1 -16777216 -1 -1 -1 -1 -1 -1 -1 -1 -1 -1 -1 -1 -1 
-1 -1 -1 -1 -1 -1 -16777216 -1 -1 -1 -1 -1 -1 -16777216 -1 -1 -1 -1 -1 -16777216 -1 -1 -1 -16777216 -16777216 -1 -16777216 -16777216 -1 -1 -1 -1 -1 -1 -1 -1 -1 -1 -1 -16777216 -1 -1 -1 -1 -1 -1 -1 -1 -1 -1 -1 -1 -16777216 -1 -1 -1 -1 -1 -1 -16777216 -1 -16777216 -16777216 -16777216 -16777216 -16777216 -1 -16777216 -1 -1 -1 -1 -16777216 -1 -16777216 -16777216 -1 -16777216 -1 -16777216 -1 -1 -1 -1 -1 -1 -1 -1 -16777216 -1 -1 -1 -1 -1 -1 -1 -1 -1 -1 -1 
-1 -1 -1 -1 -1 -1 -1 -1 -1 -16777216 -1 -1 -1 -1 -1 -1 -1 -1 -1 -16777216 -1 -1 -1 -1 -1 -1 -1 -1 -1 -1 -16777216 -1 -1 -1 -1 -1 -1 -1 -1 -1 -1 -1 -1 -16777216 -1 -1 -1 -16777216 -1 -1 -1 -16777216 -1 -1 -16777216 -1 -16777216 -16777216 -1 -16777216 -1 -16777216 -1 -16777216 -1 -1 -1 -1 -16777216 -16777216 -1 -1 -1 -16777216 -1 -1 -1 -1 -16777216 -1 -1 -16777216 -1 -1 -1 -1 -1 -1 -1 -16777216 -1 -1 -1 -1 -1 -1 -1 -1 -1 -1 
-1 -1 -1 -1 -1 -1 -1 -1 -1 -1 -1 -1 -1 -1 -1 -1 -1 -16777216 -1 -16777216 -16777216 -1 -1 -1 -1 -1 -1 -16777216 -1 -1 -1 -1 -1 -16777216 -1 -1 -1 -16777216 -1 -16777216 -16777216 -1 -16777216 -1 -1 -16777216 -1 -1 -16777216 -1 -1 -1 -1 -1 -1 -1 -16777216 -1 -1 -16777216 -1 -1 -1 -1 -1 -16777216 -16777216 -16777216 -1 -1 -16777216 -16777216 -1 -1 -1 -16777216 -1 -1 -1 -16777216 -1 -1 -16777216 -1 -16777216 -1 -1 -1 -1 -1 -16777216 -1 -1 -1 -1 -1 -1 -1 -1 -1 
-1 -1 -1 -1 -1 -1 -1 -1 -1 -16777216 -1 -16777216 -1 -1 -16777216 -1 -1 -1 -1 -1 -16777216 -16777216 -1 -1 -1 -1 -1 -1 -1 -16777216 -1 -16777216 -16777216 -1 -16777216 -1 -1 -1 -1 -1 -1 -1 -16777216 -1 -1 -1 -1 -1 -1 -1 -16777216 -1 -1 -1 -1 -1 -1 -16777216 -16777216 -1 -16777216 -1 -16777216 -1 -16777216 -1 -1 -16777216 -16777216 -16777216 -16777216 -16777216 -1 -16777216 -1 -1 -16777216 -1 -1 -16777216 -1 -1 -1 -1 -16777216 -1 -1 -1 -1 -1 -1 -16777216 -1 -1 -1 -1 -1 -1 -1 -1 
-1 -1 -1 -1 -1 -1 -1 -1 -1 -1 -1 -1 -1 -1 -1 -1 -1 -1 -1 -1 -16777216 -1 -1 -16777216 -1 -1 -1 -1 -16777216 -1 -1 -1 -1 -1 -1 -1 -1 -1 -1 -16777216 -16777216 -1 -1 -1 -16777216 -1 -1 -1 -1 -16777216 -1 -1 -1 -1 -1 -1 -1 -1 -16777216 -16777216 -1 -1 -1 -16777216 -1 -1 -16777216 -16777216 -1 -16777216 -16777216 -1 -1 -1 -1 -16777216 -1 -1 -1 -1 -16777216 -16777216 -16777216 -16777216 -1 -1 -1 -1 -1 -1 -1 -16777216 -1 -1 -1 -1 -1 -1 -1 -1 
-1 -1 -1 -1 -16777216 -1 -1 -1 -1 -1 -16777216 -1 -1 -1 -1 -1 -1 -1 -1 -1 -16777216 -1 -1 -1 -1 -16777216 -16777216 -1 -16777216 -1 -1 -1 -1 -1 -1 -1 -16777216 -16777216 -1 -1 -1 -1 -1 -1 -1 -1 -1 -16777216 -16777216 -1 -1 -1 -1 -1 -1 -1 -16777216 -1 -1 -16777216 -1 -1 -16777216 -1 -1 -16777216 -16777216 -1 -16777216 -16777216 -1 -1 -1 -1 -1 -1 -1 -1 -1 -16777216 -1 -16777216 -1 -1 -16777216 -16777216 -1 -1 -1 -1 -16777216 -1 -1 -1 -1 -1 -1 -1 -1 -1 
-1 -1 -16777216 -1 -1 -1 -1 -1 -1 -1 -1 -1 -1 -1 -1 -1 -1 -1 -16777216 -1 -16777216 -1 -1 -1 -1 -1 -1 -1 -16777216 -1 -1 -1 -1 -16777216 -1 -1 -1 -1 -1 -1 -1 -1 -1 -1 -1 -1 -1 -16777216 -1 -1 -1 -16777216 -1 -1 -1 -16777216 -1 -1 -16777216 -16777216 -16777216 -1 -1 -1 -1 -1 -16777216 -1 -16777216 -16777216 -1 -1 -1 -1 -16777216 -1 -1 -1 -1 -1 -1 -1 -1 -16777216 -16777216 -1 -16777216 -1 -16777216 -1 -1 -1 -1 -1 -1 -1 -1 -1 -1 -1 
-1 -1 -16777216 -1 -1 -1 -1 -1 -1 -1 -1 -1 -1 -1 -1 -1 -1 -1 -1 -1 -1 -16777216 -1 -1 -1 -1 -1 -1 -1 -16777216 -16777216 -16777216 -1 -16777216 -16777216 -1 -1 -16777216 -1 -1 -1 -1 -1 -1 -1 -16777216 -1 -16777216 -1 -1 -16777216 -1 -1 -16777216 -16777216 -1 -16777216 -1 -16777216 -16777216 -1 -16777216 -1 -16777216 -1 -1 -16777216 -16777216 -1 -1 -1 -1 -1 -16777216 -1 -1 -1 -1 -1 -16777216 -16777216 -16777216 -1 -16777216 -16777216 -1 -1 -1 -1 -1 -1 -1 -1 -1 -1 -1 -1 -1 -1 -1 
-1 -1 -1 -1 -16777216 -1 -1 -1 -1 -1 -16777216 -1 -16777216 -1 -1 -1 -16777216 -1 -16777216 -1 -1 -16777216 -1 -1 -1 -16777216 -1 -1 -16777216 -1 -16777216 -1 -1 -1 -16777216 -1 -1 -1 -1 -1 -16777216 -16777216 -16777216 -16777216 -16777216 -16777216 -16777216 -1 -16777216 -1 -16777216 -1 -16777216 -1 -1 -1 -16777216 -1 -16777216 -1 -1 -1 -1 -1 -16777216 -16777216 -16777216 -1 -1 -1 -16777216 -16777216 -16777216 -16777216 -1 -16777216 -16777216 -16777216 -1 -1 -1 -16777216 -1 -1 -1 -1 -1 -16777216 -1 -1 -1 -1 -1 -1 -1 -1 -1 -1 -1 -1 
-16777216 -16777216 -1 -1 -16777216 -1 -1 -16777216 -1 -1 -1 -1 -1 -1 -1 -1 -1 -1 -1 -1 -1 -16777216 -1 -1 -1 -1 -16777216 -1 -1 -1 -1 -1 -16777216 -1 -16777216 -1 -1 -16777216 -1 -16777216 -1 -16777216 -1 -16777216 -16777216 -16777216 -1 -1 -1 -1 -1 -1 -16777216 -16777216 -16777216 -16777216 -1 -1 -16777216 -1 -1 -1 -1 -16777216 -1 -1 -16777216 -1 -1 -1 -1 -16777216 -1 -1 -1 -1 -16777216 -1 -1 -1 -1 -1 -1 -1 -1 -1 -16777216 -1 -16777216 -1 -1 -1 -1 -1 -1 -1 -1 -1 -1 -1 
-1 -1 -1 -1 -1 -16777216 -1 -1 -1 -1 -1 -1 -16777216 -1 -1 -16777216 -1 -1 -1 -16777216 -16777216 -1 -1 -1 -1 -1 -16777216 -1 -1 -16777216 -1 -16777216 -1 -16777216 -16777216 -16777216 -1 -1 -1 -1 -1 -1 -1 -1 -1 -16777216 -16777216 -16777216 -16777216 -16777216 -16777216 -1 -16777216 -1 -16777216 -1 -1 -1 -16777216 -1 -1 -16777216 -1 -1 -1 -1 -16777216 -1 -1 -16777216 -1 -1 -1 -1 -1 -16777216 -1 -1 -16777216 -1 -1 -16777216 -1 -1 -16777216 -1 -1 -16777216 -16777216 -16777216 -1 -1 -1 -1 -1 -1 -1 -1 -1 -1 
-1 -1 -1 -1 -1 -1 -1 -1 -1 -1 -1 -1 -16777216 -1 -1 -1 -1 -1 -1 -1 -16777216 -1 -1 -16777216 -1 -16777216 -1 -16777216 -1 -1 -1 -1 -1 -1 -1 -1 -1 -16777216 -1 -1 -1 -1 -16777216 -1 -1 -1 -16777216 -1 -1 -1 -1 -1 -1 -1 -1 -16777216 -1 -16777216 -16777216 -16777216 -1 -1 -1 -1 -16777216 -1 -1 -16777216 -16777216 -16777216 -1 -1 -1 -1 -1 -1 -1 -1 -1 -1 -1 -1 -16777216 -1 -1 -1 -1 -16777216 -16777216 -16777216 -1 -1 -1 -1 -1 -1 -1 -1 -1 -1 
-1 -1 -1 -1 -1 -1 -1 -1 -1 -1 -1 -1 -1 -1 -1 -1 -1 -1 -1 -16777216 -16777216 -16777216 -1 -16777216 -1 -1 -1 -1 -1 -1 -1 -1 -16777216 -1 -1 -1 -16777216 -1 -1 -16777216 -16777216 -1 -1 -16777216 -1 -1 -1 -1 -1 -1 -1 -1 -1 -1 -16777216 -1 -16777216 -1 -1 -1 -1 -1 -16777216 -16777216 -1 -1 -16777216 -1 -16777216 -16777216 -1 -1 -1 -1 -1 -1 -1 -1 -16777216 -1 -1 -1 -16777216 -16777216 -1 -1 -1 -1 -1 -16777216 -1 -1 -1 -1 -1 -1 -1 -1 -1 -1 
-1 -1 -1 -1 -1 -1 -1 -1 -1 -1 -1 -1 -1 -1 -1 -16777216 -1 -16777216 -1 -16777216 -16777216 -1 -16777216 -1 -1 -1 -16777216 -1 -1 -16777216 -1 -1 -16777216 -1 -1 -1 -1 -1 -1 -16777216 -1 -1 -1 -1 -1 -1 -16777216 -16777216 -1 -1 -1 -16777216 -16777216 -1 -1 -1 -16777216 -16777216 -1 -1 -16777216 -1 -1 -1 -16777216 -1 -1 -16777216 -1 -1 -16777216 -16777216 -1 -1 -1 -1 -1 -1 -1 -1 -1 -16777216 -1 -1 -1 -1 -1 -1 -1 -1 -16777216 -1 -1 -1 -1 -1 -1 -1 -1 -1 
-1 -1 -1 -1 -1 -1 -1 -1 -1 -1 -1 -1 -1 -1 -16777216 -1 -1 -1 -16777216 -16777216 -1 -16777216 -16777216 -16777216 -1 -1 -1 -16777216 -1 -1 -1 -1 -1 -1 -1 -1 -1 -1 -1 -1 -1 -1 -1 -1 -1 -1 -16777216 -16777216 -16777216 -16777216 -1 -1 -1 -1 -1 -1 -1 -1 -16777216 -1 -1 -1 -1 -1 -1 -1 -1 -1 -1 -1 -1 -16777216 -16777216 -1 -16777216 -16777216 -1 -16777216 -1 -1 -1 -1 -1 -1 -1 -1 -1 -1 -1 -16777216 -1 -16777216 -1 -1 -1 -1 -1 -1 -1 -1 
-1 -1 -1 -1 -1 -1 -1 -1 -1 -1 -1 -1 -16777216 -16777216 -1 -1 -1 -1 -16777216 -1 -1 -1 -16777216 -1 -1 -1 -1 -1 -1 -16777216 -1 -1 -1 -16777216 -1 -1 -1 -1 -1 -1 -1 -1 -16777216 -1 -1 -16777216 -1 -1 -1 -1 -1 -16777216 -1 -1 -1 -1 -1 -1 -16777216 -16777216 -1 -16777216 -1 -16777216 -1 -1 -1 -1 -1 -1 -1 -16777216 -1 -16777216 -1 -16777216 -1 -16777216 -1 -16777216 -16777216 -1 -1 -1 -1 -1 -1 -1 -1 -16777216 -1 -16777216 -1 -1 -1 -1 -1 -1 -1 -1 
-1 -1 -1 -1 -1 -1 -1 -1 -1 -1 -1 -16777216 -1 -1 -1 -1 -1 -16777216 -16777216 -1 -1 -1 -1 -16777216 -1 -16777216 -1 -1 -1 -1 -1 -1 -1 -1 -1 -16777216 -1 -1 -1 -1 -16777216 -1 -1 -16777216 -1 -1 -1 -1 -1 -1 -1 -1 -1 -16777216 -16777216 -1 -1 -1 -16777216 -1 -1 -1 -1 -1 -16777216 -1 -1 -1 -1 -1 -1 -1 -16777216 -1 -16777216 -16777216 -1 -1 -1 -1 -1 -16777216 -1 -16777216 -1 -1 -16777216 -16777216 -1 -16777216 -16777216 -16777216 -1 -1 -1 -1 -1 -1 -1 -1 
-1 -1 -1 -1 -1 -1 -1 -1 -1 -16777216 -1 -16777216 -1 -1 -1 -1 -16777216 -1 -16777216 -1 -16777216 -1 -1 -1 -1 -16777216 -1 -1 -16777216 -1 -16777216 -1 -1 -16777216 -1 -1 -16777216 -16777216 -1 -16777216 -16777216 -1 -1 -16777216 -16777216 -1 -1 -16777216 -1 -16777216 -16777216 -1 -16777216 -16777216 -16777216 -1 -1 -16777216 -1 -1 -1 -1 -1 -1 -16777216 -16777216 -1 -1 -1 -16777216 -1 -1 -1 -1 -1 -1 -1 -1 -1 -1 -1 -1 -1 -1 -1 -1 -16777216 -1 -1 -16777216 -1 -1 -1 -1 -1 -1 -1 -1 -1 -1 
-16777216 -1 -1 -1 -1 -16777216 -1 -1 -1 -16777216 -1 -1 -1 -1 -1 -16777216 -16777216 -1 -1 -1 -1 -1 -16777216 -16777216 -1 -16777216 -1 -16777216 -1 -1 -16777216 -1 -1 -16777216 -16777216 -1 -1 -1 -1 -1 -1 -16777216 -1 -1 -1 -1 -1 -1 -1 -16777216 -1 -1 -1 -16777216 -1 -16777216 -16777216 -1 -1 -1 -1 -16777216 -1 -1 -1 -1 -16777216 -1 -1 -1 -1 -1 -1 -1 -1 -1 -1 -1 -1 -1 -1 -1 -1 -1 -1 -1 -1 -1 -1 -16777216 -16777216 -1 -1 -1 -1 -1 -1 -1 -1 -1 
-1 -1 -1 -1 -1 -1 -1 -1 -16777216 -1 -1 -1 -1 -1 -16777216 -16777216 -1 -1 -1 -1 -1 -16777216 -1 -1 -1 -16777216 -1 -1 -1 -1 -1 -1 -1 -16777216 -1 -16777216 -1 -16777216 -1 -16777216 -1 -16777216 -1 -1 -16777216 -1 -1 -16777216 -16777216 -16777216 -16777216 -16777216 -1 -1 -1 -1 -1 -1 -1 -1 -16777216 -1 -1 -1 -1 -1 -16777216 -1 -1 -1 -1 -1 -1 -1 -1 -1 -1 -1 -1 -1 -1 -1 -1 -1 -1 -1 -1 -1 -1 -16777216 -1 -1 -1 -16777216 -1 -1 -1 -1 -1 -1 
-16777216 -1 -16777216 -1 -1 -1 -1 -16777216 -1 -1 -1 -1 -1 -16777216 -16777216 -1 -1 -1 -1 -1 -1 -16777216 -1 -1 -1 -16777216 -1 -1 -1 -16777216 -1 -1 -1 -16777216 -16777216 -1 -1 -16777216 -1 -1 -16777216 -1 -1 -1 -1 -1 -1 -1 -1 -1 -1 -1 -1 -1 -1 -1 -1 -1 -1 -16777216 -1 -1 -1 -16777216 -1 -16777216 -1 -1 -1 -1 -1 -1 -1 -1 -1 -1 -1 -1 -1 -1 -1 -1 -1 -1 -1 -1 -1 -1 -1 -16777216 -1 -1 -1 -1 -1 -16777216 -16777216 -1 -1 -1 
-16777216 -1 -16777216 -1 -1 -1 -16777216 -16777216 -1 -1 -1 -16777216 -16777216 -1 -1 -1 -1 -1 -1 -1 -1 -16777216 -16777216 -1 -1 -1 -1 -1 -16777216 -16777216 -1 -1 -1 -1 -1 -1 -16777216 -1 -1 -1 -1 -1 -1 -1 -1 -1 -1 -1 -1 -1 -1 -1 -1 -1 -1 -1 -1 -1 -1 -16777216 -1 -16777216 -16777216 -1 -1 -1 -16777216 -1 -1 -16777216 -1 -1 -1 -1 -1 -1 -1 -1 -1 -1 -1 -1 -1 -1 -1 -1 -1 -1 -16777216 -1 -1 -1 -1 -1 -16777216 -1 -16777216 -1 -1 -1 
-1 -1 -1 -1 -1 -1 -16777216 -1 -1 -1 -1 -16777216 -16777216 -1 -1 -1 -16777216 -1 -16777216 -16777216 -1 -1 -1 -16777216 -1 -1 -1 -1 -1 -1 -16777216 -1 -1 -1 -1 -16777216 -1 -16777216 -1 -1 -1 -1 -1 -1 -1 -1 -1 -1 -1 -1 -1 -1 -1 -1 -1 -1 -1 -16777216 -16777216 -1 -16777216 -1 -1 -1 -1 -1 -1 -1 -1 -1 -1 -1 -1 -1 -1 -1 -1 -1 -1 -1 -1 -1 -16777216 -1 -1 -1 -1 -16777216 -1 -1 -1 -16777216 -1 -1 -1 -1 -1 -1 -1 -1 
-1 -16777216 -1 -1 -1 -1 -16777216 -1 -1 -1 -16777216 -16777216 -1 -1 -1 -1 -16777216 -1 -1 -1 -1 -1 -16777216 -1 -1 -16777216 -1 -1 -1 -1 -1 -1 -16777216 -1 -16777216 -1 -1 -1 -1 -1 -1 -1 -1 -1 -1 -16777216 -1 -1 -1 -1 -1 -1 -1 -16777216 -16777216 -16777216 -1 -1 -1 -1 -1 -16777216 -16777216 -1 -1 -1 -1 -16777216 -1 -16777216 -1 -16777216 -1 -1 -1 -1 -16777216 -1 -1 -1 -1 -1 -1 -1 -1 -1 -16777216 -1 -1 -1 -1 -1 -1 -1 -1 -1 -1 -1 -1 -1 
-1 -1 -1 -1 -1 -1 -16777216 -16777216 -1 -16777216 -16777216 -1 -16777216 -1 -1 -16777216 -1 -1 -1 -1 -1 -1 -1 -1 -1 -1 -1 -1 -16777216 -1 -1 -1 -1 -1 -16777216 -1 -16777216 -1 -1 -1 -1 -1 -1 -1 -1 -1 -1 -1 -1 -1 -1 -16777216 -1 -16777216 -1 -1 -1 -1 -1 -1 -1 -1 -16777216 -16777216 -16777216 -16777216 -1 -16777216 -16777216 -1 -1 -1 -1 -1 -1 -16777216 -1 -1 -1 -1 -1 -1 -1 -1 -1 -16777216 -1 -1 -1 -1 -1 -1 -1 -1 -1 -1 -1 -1 -1 -1 
-1 -1 -1 -1 -1 -1 -16777216 -1 -16777216 -16777216 -1 -1 -1 -1 -16777216 -1 -16777216 -1 -1 -1 -1 -1 -1 -1 -1 -1 -1 -1 -1 -1 -1 -16777216 -1 -1 -16777216 -16777216 -16777216 -1 -16777216 -16777216 -1 -16777216 -1 -16777216 -1 -16777216 -1 -16777216 -1 -16777216 -1 -1 -1 -16777216 -1 -1 -1 -1 -1 -1 -1 -16777216 -16777216 -1 -1 -1 -1 -1 -1 -1 -16777216 -16777216 -1 -16777216 -16777216 -16777216 -1 -16777216 -1 -1 -1 -1 -1 -1 -16777216 -1 -1 -1 -1 -1 -1 -1 -1 -1 -1 -1 -1 -1 -1 -1 
-1 -1 -1 -1 -1 -16777216 -1 -16777216 -16777216 -1 -1 -1 -1 -1 -1 -1 -1 -16777216 -1 -1 -1 -16777216 -1 -1 -1 -1 -1 -1 -1 -1 -1 -1 -1 -1 -1 -16777216 -1 -1 -1 -1 -16777216 -1 -1 -1 -1 -1 -1 -1 -1 -1 -1 -1 -1 -1 -1 -1 -1 -1 -1 -1 -1 -16777216 -1 -1 -1 -1 -1 -1 -1 -1 -1 -1 -1 -1 -16777216 -16777216 -16777216 -1 -1 -1 -16777216 -1 -16777216 -1 -1 -1 -1 -1 -1 -1 -1 -1 -1 -1 -1 -1 -1 -1 -1 -1 
-1 -1 -1 -1 -1 -16777216 -16777216 -16777216 -1 -1 -1 -1 -1 -1 -1 -1 -1 -1 -1 -1 -16777216 -1 -1 -1 -1 -1 -1 -1 -1 -1 -1 -1 -1 -1 -1 -1 -1 -1 -16777216 -1 -1 -1 -1 -1 -16777216 -1 -1 -1 -1 -1 -1 -1 -1 -1 -1 -1 -1 -1 -1 -1 -1 -1 -16777216 -1 -1 -1 -1 -1 -16777216 -1 -1 -1 -1 -16777216 -1 -1 -16777216 -16777216 -1 -16777216 -1 -16777216 -1 -1 -1 -1 -1 -1 -1 -1 -1 -1 -1 -1 -1 -1 -1 -1 -1 -1 
-1 -1 -1 -1 -1 -1 -1 -16777216 -1 -1 -1 -1 -1 -1 -1 -1 -1 -1 -1 -1 -1 -1 -1 -16777216 -1 -1 -1 -1 -1 -1 -16777216 -1 -1 -1 -1 -1 -1 -1 -1 -1 -1 -1 -16777216 -1 -16777216 -1 -1 -1 -16777216 -16777216 -1 -1 -1 -1 -1 -1 -1 -1 -1 -1 -1 -16777216 -16777216 -1 -1 -1 -1 -1 -1 -1 -1 -16777216 -1 -16777216 -1 -16777216 -1 -16777216 -16777216 -1 -1 -1 -1 -1 -1 -1 -1 -1 -1 -1 -1 -1 -1 -1 -1 -1 -1 -1 -1 -1 
-1 -1 -1 -1 -1 -1 -1 -1 -1 -1 -16777216 -1 -1 -1 -1 -1 -1 -1 -1 -1 -1 -1 -1 -1 -1 -1 -1 -1 -16777216 -1 -1 -1 -1 -1 -1 -1 -1 -1 -16777216 -1 -1 -1 -1 -1 -1 -16777216 -1 -16777216 -1 -1 -1 -16777216 -1 -1 -16777216 -1 -1 -1 -1 -1 -1 -1 -1 -1 -1 -1 -1 -1 -16777216 -16777216 -1 -1 -1 -1 -1 -1 -1 -16777216 -1 -1 -1 -1 -1 -1 -1 -1 -1 -1 -1 -1 -1 -1 -1 -1 -1 -1 -1 -1 -1 -1 
-1 -1 -1 -1 -1 -1 -1 -1 -1 -1 -1 -1 -1 -1 -1 -1 -16777216 -1 -1 -1 -1 -1 -1 -1 -1 -1 -1 -1 -1 -1 -1 -1 -1 -16777216 -1 -1 -1 -1 -1 -1 -1 -1 -1 -1 -1 -1 -16777216 -1 -16777216 -1 -1 -1 -1 -16777216 -1 -1 -1 -1 -1 -1 -1 -1 -1 -16777216 -1 -16777216 -1 -1 -1 -1 -1 -1 -1 -16777216 -16777216 -16777216 -16777216 -16777216 -1 -16777216 -1 -1 -1 -1 -1 -1 -16777216 -1 -1 -1 -1 -1 -1 -1 -1 -1 -1 -1 -1 -1 
-1 -1 -1 -1 -1 -1 -1 -1 -1 -1 -1 -1 -1 -1 -1 -1 -1 -1 -1 -1 -1 -1 -16777216 -1 -1 -1 -1 -1 -1 -1 -1 -1 -1 -1 -1 -1 -1 -1 -16777216 -1 -1 -1 -1 -1 -1 -16777216 -16777216 -1 -1 -16777216 -16777216 -1 -1 -1 -1 -16777216 -1 -1 -1 -1 -16777216 -16777216 -1 -1 -16777216 -1 -1 -1 -1 -1 -1 -1 -1 -1 -1 -1 -1 -1 -1 -1 -16777216 -1 -1 -1 -1 -1 -1 -1 -1 -1 -1 -1 -1 -1 -1 -1 -1 -1 -1 -1 
-1 -1 -1 -1 -1 -1 -1 -1 -1 -1 -1 -1 -1 -1 -1 -1 -1 -1 -1 -1 -1 -1 -1 -1 -1 -1 -1 -1 -1 -1 -1 -16777216 -1 -1 -1 -1 -1 -1 -1 -1 -16777216 -1 -1 -1 -1 -16777216 -1 -1 -1 -1 -1 -16777216 -16777216 -16777216 -16777216 -16777216 -1 -1 -16777216 -1 -1 -1 -1 -1 -1 -1 -16777216 -1 -1 -1 -1 -1 -1 -1 -1 -1 -1 -1 -1 -1 -16777216 -1 -1 -1 -1 -1 -1 -1 -16777216 -1 -1 -1 -1 -1 -1 -1 -1 -1 -1 -1 
-1 -1 -1 -1 -1 -1 -1 -1 -1 -1 -1 -1 -1 -1 -1 -1 -1 -1 -1 -1 -1 -1 -1 -1 -16777216 -1 -1 -1 -1 -1 -1 -1 -1 -1 -1 -1 -1 -1 -1 -1 -1 -16777216 -1 -1 -1 -1 -1 -1 -1 -16777216 -1 -1 -16777216 -16777216 -16777216 -1 -16777216 -16777216 -1 -16777216 -1 -1 -1 -1 -1 -1 -1 -16777216 -1 -1 -1 -1 -1 -1 -1 -1 -1 -1 -1 -1 -1 -1 -1 -1 -1 -1 -1 -1 -1 -1 -1 -1 -1 -1 -1 -1 -1 -1 -1 -1 
-1 -1 -1 -1 -1 -1 -1 -1 -1 -1 -1 -1 -1 -1 -1 -1 -1 -1 -1 -1 -1 -1 -1 -1 -1 -1 -1 -1 -1 -1 -1 -1 -1 -1 -1 -1 -1 -1 -16777216 -16777216 -1 -1 -16777216 -1 -1 -1 -16777216 -1 -1 -1 -1 -1 -16777216 -16777216 -16777216 -1 -1 -1 -1 -1 -1 -1 -16777216 -1 -1 -16777216 -1 -16777216 -16777216 -1 -1 -1 -1 -16777216 -1 -1 -1 -1 -1 -1 -16777216 -1 -1 -1 -1 -1 -1 -1 -16777216 -1 -1 -1 -1 -1 -1 -1 -1 -1 -1 -1 
-1 -1 -1 -1 -1 -1 -1 -1 -1 -1 -1 -1 -1 -1 -1 -1 -1 -1 -16777216 -1 -16777216 -1 -16777216 -1 -16777216 -1 -1 -16777216 -1 -1 -16777216 -1 -1 -1 -16777216 -1 -1 -16777216 -16777216 -1 -1 -16777216 -1 -1 -16777216 -1 -1 -16777216 -1 -16777216 -1 -1 -1 -1 -16777216 -1 -1 -1 -1 -1 -1 -1 -1 -1 -1 -1 -1 -16777216 -1 -1 -16777216 -16777216 -1 -1 -1 -1 -1 -1 -1 -16777216 -1 -1 -16777216 -1 -1 -1 -1 -16777216 -1 -1 -1 -1 -1 -1 -1 -1 -1 -1 -1 -1 
-1 -1 -1 -1 -1 -1 -1 -1 -1 -1 -1 -1 -1 -1 -1 -16777216 -1 -1 -1 -16777216 -16777216 -1 -16777216 -1 -1 -16777216 -16777216 -1 -16777216 -1 -1 -16777216 -1 -1 -1 -16777216 -1 -1 -1 -16777216 -1 -1 -1 -1 -16777216 -1 -1 -1 -1 -1 -16777216 -1 -1 -16777216 -16777216 -16777216 -1 -1 -1 -1 -16777216 -1 -1 -1 -16777216 -1 -1 -1 -1 -1 -1 -16777216 -1 -1 -16777216 -1 -1 -16777216 -16777216 -1 -16777216 -1 -16777216 -16777216 -1 -1 -1 -1 -1 -1 -1 -1 -1 -1 -1 -1 -1 -1 -1 -1 
-1 -1 -1 -1 -1 -1 -1 -1 -1 -1 -1 -1 -1 -16777216 -1 -1 -1 -1 -1 -1 -1 -1 -1 -16777216 -16777216 -16777216 -1 -16777216 -16777216 -16777216 -1 -1 -1 -16777216 -16777216 -1 -1 -16777216 -1 -1 -1 -1 -16777216 -1 -1 -1 -1 -16777216 -1 -1 -1 -1 -16777216 -16777216 -16777216 -1 -1 -16777216 -1 -1 -1 -1 -1 -16777216 -1 -1 -1 -16777216 -1 -16777216 -1 -16777216 -16777216 -16777216 -1 -16777216 -1 -16777216 -16777216 -16777216 -16777216 -1 -1 -1 -16777216 -1 -1 -1 -1 -1 -1 -1 -1 -1 -1 -1 -1 -1 -1 -1 
-1 -1 -1 -1 -1 -1 -1 -1 -1 -1 -1 -1 -1 -16777216 -1 -16777216 -1 -1 -1 -1 -1 -1 -16777216 -16777216 -1 -1 -1 -1 -1 -1 -1 -16777216 -1 -1 -1 -1 -1 -1 -16777216 -1 -1 -1 -1 -16777216 -1 -1 -1 -1 -1 -16777216 -1 -16777216 -1 -16777216 -16777216 -1 -1 -1 -1 -16777216 -1 -1 -1 -1 -16777216 -1 -1 -1 -1 -16777216 -1 -1 -1 -1 -16777216 -1 -1 -1 -1 -16777216 -1 -1 -1 -1 -1 -1 -1 -1 -1 -1 -1 -1 -1 -1 -1 -1 -1 -1 -1 -1 
-1 -1 -1 -1 -1 -1 -1 -1 -1 -1 -1 -1 -1 -1 -1 -1 -1 -16777216 -1 -1 -1 -1 -16777216 -1 -16777216 -1 -16777216 -1 -16777216 -16777216 -1 -16777216 -1 -1 -16777216 -1 -1 -1 -16777216 -1 -1 -16777216 -1 -1 -16777216 -1 -1 -16777216 -1 -16777216 -1 -1 -1 -1 -16777216 -16777216 -16777216 -1 -1 -1 -1 -1 -16777216 -1 -1 -1 -1 -1 -1 -1 -1 -1 -1 -1 -1 -16777216 -1 -1 -1 -1 -1 -1 -1 -1 -1 -1 -1 -1 -1 -1 -1 -1 -1 -1 -1 -1 -1 -1 -1 -1 
-1 -1 -1 -1 -1 -1 -1 -1 -1 -1 -1 -1 -1 -1 -1 -1 -1 -1 -1 -1 -1 -1 -1 -1 -1 -1 -1 -1 -16777216 -1 -1 -1 -1 -1 -16777216 -1 -1 -1 -1 -1 -1 -16777216 -16777216 -1 -1 -1 -1 -16777216 -1 -1 -1 -1 -1 -16777216 -1 -1 -1 -1 -16777216 -16777216 -1 -1 -1 -1 -1 -1 -1 -1 -1 -1 -16777216 -1 -1 -1 -1 -16777216 -1 -1 -1 -1 -1 -1 -1 -1 -1 -1 -1 -1 -1 -1 -1 -1 -1 -1 -1 -1 -1 -1 -1 -1 
-1 -1 -1 -1 -1 -1 -1 -1 -1 -1 -1 -1 -1 -1 -1 -1 -1 -1 -1 -1 -1 -1 -1 -1 -1 -1 -1 -16777216 -16777216 -16777216 -1 -16777216 -1 -1 -16777216 -1 -1 -1 -1 -1 -1 -1 -1 -1 -1 -1 -1 -1 -1 -1 -1 -1 -1 -1 -1 -1 -1 -1 -1 -1 -16777216 -1 -16777216 -16777216 -16777216 -16777216 -16777216 -16777216 -16777216 -1 -1 -1 -1 -1 -1 -1 -16777216 -1 -1 -1 -1 -1 -1 -1 -1 -1 -1 -1 -1 -1 -1 -1 -1 -1 -1 -1 -1 -1 -1 -1 
-1 -1 -1 -1 -1 -1 -1 -1 -1 -1 -1 -1 -1 -1 -1 -1 -1 -16777216 -1 -1 -1 -16777216 -1 -1 -1 -1 -1 -1 -1 -1 -1 -1 -1 -1 -1 -1 -1 -1 -1 -16777216 -1 -1 -1 -1 -1 -16777216 -1 -1 -1 -1 -16777216 -1 -1 -16777216 -1 -1 -16777216 -1 -1 -1 -1 -16777216 -1 -1 -1 -16777216 -1 -1 -16777216 -1 -16777216 -1 -16777216 -16777216 -1 -16777216 -16777216 -1 -1 -1 -1 -1 -1 -1 -1 -1 -1 -1 -1 -1 -1 -1 -1 -1 -1 -1 -1 -1 -1 -1 
-1 -1 -1 -1 -1 -1 -1 -1 -1 -1 -1 -1 -1 -1 -1 -1 -16777216 -1 -16777216 -1 -1 -1 -1 -16777216 -1 -1 -1 -1 -1 -1 -16777216 -1 -1 -1 -1 -1 -1 -16777216 -1 -1 -1 -1 -1 -1 -1 -1 -1 -1 -1 -1 -1 -1 -1 -1 -1 -1 -1 -1 -1 -1 -1 -1 -1 -1 -1 -1 -1 -1 -1 -1 -1 -1 -1 -1 -1 -1 -1 -1 -1 -1 -1 -1 -1 -1 -1 -1 -1 -1 -1 -1 -1 -1 -1 -1 -1 -1 -1 -1 -1 -1 
-1 -1 -1 -1 -1 -1 -1 -1 -1 -1 -1 -1 -1 -1 -1 -1 -1 -1 -1 -1 -1 -1 -1 -1 -1 -1 -1 -1 -1 -1 -1 -1 -1 -1 -1 -1 -1 -1 -1 -1 -1 -1 -1 -1 -1 -1 -1 -1 -1 -1 -1 -1 -1 -1 -1 -1 -1 -1 -1 -1 -1 -1 -1 -1 -1 -1 -1 -1 -1 -1 -1 -1 -1 -1 -1 -1 -1 -1 -1 -1 -1 -1 -1 -1 -1 -1 -1 -1 -1 -1 -1 -1 -1 -1 -1 -1 -1 -1 -1 -1 
-1 -1 -1 -1 -1 -1 -1 -1 -1 -1 -1 -1 -1 -1 -1 -1 -1 -1 -1 -1 -1 -1 -1 -1 -1 -1 -1 -1 -1 -1 -1 -1 -1 -1 -1 -1 -1 -1 -1 -1 -1 -1 -1 -1 -1 -1 -1 -1 -1 -1 -1 -1 -1 -1 -1 -1 -1 -1 -1 -1 -1 -1 -1 -1 -1 -1 -1 -1 -1 -1 -1 -1 -1 -1 -1 -1 -1 -1 -1 -1 -1 -1 -1 -1 -1 -1 -1 -1 -1 -1 -1 -1 -1 -1 -1 -1 -1 -1 -1 -1 
-1 -1 -1 -1 -1 -1 -1 -1 -1 -1 -1 -1 -1 -1 -1 -1 -1 -1 -1 -1 -1 -1 -1 -1 -1 -1 -1 -1 -1 -1 -1 -1 -1 -1 -1 -1 -1 -1 -1 -1 -1 -1 -1 -1 -1 -1 -1 -1 -1 -1 -1 -1 -1 -1 -1 -1 -1 -1 -1 -1 -1 -1 -1 -1 -1 -1 -1 -1 -1 -1 -1 -1 -1 -1 -1 -1 -1 -1 -1 -1 -1 -1 -1 -1 -1 -1 -1 -1 -1 -1 -1 -1 -1 -1 -1 -1 -1 -1 -1 -1 
-1 -1 -1 -1 -1 -1 -1 -1 -1 -1 -1 -1 -1 -1 -1 -1 -1 -1 -1 -1 -1 -1 -1 -1 -1 -1 -1 -1 -1 -1 -1 -1 -1 -1 -1 -1 -1 -1 -1 -1 -1 -1 -1 -1 -1 -1 -1 -1 -1 -1 -1 -1 -1 -1 -1 -1 -1 -1 -1 -1 -1 -1 -1 -1 -1 -1 -1 -1 -1 -1 -1 -1 -1 -1 -1 -1 -1 -1 -1 -1 -1 -1 -1 -1 -1 -1 -1 -1 -1 -1 -1 -1 -1 -1 -1 -1 -1 -1 -1 -1 
-1 -1 -1 -1 -1 -1 -1 -1 -1 -1 -1 -1 -1 -1 -1 -1 -1 -1 -1 -1 -1 -1 -1 -1 -1 -1 -1 -1 -1 -1 -1 -1 -1 -1 -1 -1 -1 -1 -1 -1 -1 -1 -1 -1 -1 -1 -1 -1 -1 -1 -1 -1 -1 -1 -1 -1 -1 -1 -1 -1 -1 -1 -1 -1 -1 -1 -1 -1 -1 -1 -1 -1 -1 -1 -1 -1 -1 -1 -1 -1 -1 -1 -1 -1 -1 -1 -1 -1 -1 -1 -1 -1 -1 -1 -1 -1 -1 -1 -1 -16776961 
